0 1990 2147483647
1 1991 2147483647
2 1992 2147483647
3 1993 2147483647
4 1994 2147483647
5 1995 2147483647
6 1996 2147483647
7 1997 2147483647
8 1998 2147483647
9 1999 2147483647
10 2000 2147483647
11 2001 2147483647
12 2002 2147483647
13 2003 2147483647
14 2004 2147483647
15 2005 2147483647
16 2006 2147483647
17 2007 2147483647
18 2008 2147483647
19 2009 2147483647
20 2010 2147483647
21 2011 2147483647
22 2012 2147483647
23 2013 2147483647
24 2014 2147483647
25 2015 2147483647
26 2016 2147483647
27 2017 2147483647
28 2018 2147483647
29 2019 2147483647
