
1 1990 0.06666666666666667
2 1991 0.06666666666666667
3 1992 0.06666666666666667
4 1993 0.06666666666666667
5 1994 0.06666666666666667
6 1995 0.06666666666666667
7 1996 0.06666666666666667
8 1997 0.06666666666666667
9 1998 0.06666666666666667
10 1999 0.06666666666666667
11 2000 0.06666666666666667
12 2001 0.06666666666666667
13 2002 0.06666666666666667
14 2003 0.06666666666666667
15 2004 0.06666666666666667
16 2005 0.06666666666666667
17 2006 0.06666666666666667
18 2007 0.06666666666666667
19 2008 0.06666666666666667
20 2009 0.06666666666666667
21 2010 0.06666666666666667
22 2011 0.06666666666666667
23 2012 0.06666666666666667
24 2013 0.06666666666666667
25 2014 0.06666666666666667
26 2015 0.06666666666666667
27 2016 0.06666666666666667
28 2017 0.06666666666666667
29 2018 0.06666666666666667
30 2019 0.06666666666666667
1 1990 0.06666666666666667
2 1991 0.06666666666666667
3 1992 0.06666666666666667
4 1993 0.06666666666666667
5 1994 0.06666666666666667
6 1995 0.06666666666666667
7 1996 0.06666666666666667
8 1997 0.06666666666666667
9 1998 0.06666666666666667
10 1999 0.06666666666666667
11 2000 0.06666666666666667
12 2001 0.06666666666666667
13 2002 0.06666666666666667
14 2003 0.06666666666666667
15 2004 0.06666666666666667
16 2005 0.06666666666666667
17 2006 0.06666666666666667
18 2007 0.06666666666666667
19 2008 0.06666666666666667
20 2009 0.06666666666666667
21 2010 0.06666666666666667
22 2011 0.06666666666666667
23 2012 0.06666666666666667
24 2013 0.06666666666666667
25 2014 0.06666666666666667
26 2015 0.06666666666666667
27 2016 0.06666666666666667
28 2017 0.06666666666666667
29 2018 0.06666666666666667
30 2019 0.06666666666666667
